% # columns="iteration, evaluation, sigma, max axis length,  min axis length, all principle axes lengths  (sorted square roots of eigenvalues of C)", seed=1, Wed Aug 25 11:12:38 2021
1 9 0.2715005651900943 1.0000428580612375 1.0 1.0 1.0000071428826531 1.000014285816327 1.000021428801022 1.0000285718367385 1.0000357149234769 1.0000428580612375
2 18 0.2606784338879491 1.0404637484217287 0.9164040804149658 0.9164040804149658 0.9634410736081902 0.9731861472397954 0.9927243093140783 1.0014774416744947 1.0090252201712715 1.0404637484217287
3 27 0.22750322798467412 1.068476741882322 0.8825816612688849 0.8825816612688849 0.9154374127876279 0.9691444524392001 0.9771907348139941 0.9819525813659993 1.0189661517790674 1.068476741882322
4 36 0.21279009159204637 1.0635017376727796 0.8325725315732492 0.8325725315732492 0.8614984209065818 0.9264955999171185 0.957403237883131 0.9785032397577649 1.0278679701158853 1.0635017376727796
5 45 0.20407314941776367 1.0529098413617453 0.7643965354090466 0.7643965354090466 0.8479556179389379 0.8900378005994454 0.9477935156987323 1.0247920907379928 1.0311985545020763 1.0529098413617453
6 54 0.1898042657785859 1.1300027390776433 0.7262378425166954 0.7262378425166954 0.8239256775160992 0.8828610415915777 0.9131255686325243 0.9878252189892356 1.0349597067136567 1.1300027390776433
7 63 0.18484344654094742 1.1406111710027897 0.7277697301849518 0.7277697301849518 0.806324561189611 0.8352031632106682 0.8648280438310292 0.9955962722464291 1.0131656384188228 1.1406111710027897
8 72 0.18571993800031053 1.1893554393415533 0.7326683047029132 0.7326683047029132 0.7741418653598097 0.8098986192345707 0.8657899409391935 0.9631529560208453 1.0179069359862463 1.1893554393415533
9 81 0.18135144517446164 1.2092780450142433 0.6749424104809502 0.6749424104809502 0.754530109594213 0.8061562372286338 0.8622020581671451 0.9816607551288038 1.0535643225282973 1.2092780450142433
10 90 0.1666477351299506 1.2789751503183642 0.6660644006343037 0.6660644006343037 0.7424972582003146 0.7789740513972829 0.8499985870315189 0.9331393248638749 1.0146544095381567 1.2789751503183642
11 99 0.15201016833836511 1.2627924195609177 0.6624918760441716 0.6624918760441716 0.6835876473746761 0.7635353886809699 0.852668217069736 0.934216423911102 1.013952633502369 1.2627924195609177
12 108 0.13647825331735272 1.249814836362955 0.6304024278806521 0.6304024278806521 0.6578791320340712 0.7388085290739455 0.9007030627378081 0.9281861775123628 1.0116482559990767 1.249814836362955
13 117 0.13450031337409143 1.2789371381507642 0.6122560982599937 0.6122560982599937 0.6698453181247357 0.709681676585451 0.8288262935285755 0.9159251054510801 1.0144358696113118 1.2789371381507642
14 126 0.11159556345121287 1.3042243103779207 0.5895501521806794 0.5895501521806794 0.6505705961554253 0.7105168384215477 0.8300385439793361 0.9354552058904959 0.9918394998967314 1.3042243103779207
15 135 0.1153119909450678 1.2900030603433397 0.5695215816684613 0.5695215816684613 0.6139948703686604 0.7044748769514766 0.8065852695996759 0.912202644987231 0.9628652260163256 1.2900030603433397
16 144 0.12109001586723885 1.24130310342887 0.5558392226826973 0.5558392226826973 0.6041714363307699 0.7023564913870369 0.7906990983869774 0.9025484576955402 1.0649229778318152 1.24130310342887
17 153 0.13208894265407628 1.2395677503722715 0.5455794249610685 0.5455794249610685 0.6047897560906544 0.6646007458727535 0.8603797565383949 0.8773820311564026 1.0928017650569353 1.2395677503722715
18 162 0.1453276769611249 1.2621547629818886 0.5451895495735739 0.5451895495735739 0.5953873841456265 0.646888049428475 0.8401247399918353 0.8626520163499644 1.1231525553643482 1.2621547629818886
19 171 0.14505658091676588 1.244637232593876 0.5713307519201829 0.5713307519201829 0.5900537815446071 0.667298050780855 0.7792562146993528 0.870308128367747 1.1269055074541716 1.244637232593876
20 180 0.13210485997957735 1.2646120754387358 0.5578176320778538 0.5578176320778538 0.5835442061362912 0.6427550121482355 0.773317307242737 0.8420401442046026 1.0941790690535649 1.2646120754387358
21 189 0.12469276846085389 1.2513887555907752 0.529874191343401 0.529874191343401 0.5736658055210424 0.6642453743523273 0.7588037027749579 0.8280524536745134 1.0796196161437133 1.2513887555907752
22 198 0.113922326295346 1.202698457236456 0.5278827725700341 0.5278827725700341 0.54794979933463 0.6711767109046012 0.757765722021884 0.8094985923495597 1.0434232266397403 1.202698457236456
23 207 0.11859874869584372 1.1348286582504674 0.5057687703677393 0.5057687703677393 0.5362421586561154 0.6697978401494842 0.7416188166447655 0.8106422910965657 1.0401596306656482 1.1348286582504674
24 216 0.14402479374425084 1.1369593737970418 0.46473006876764034 0.46473006876764034 0.5209133088277121 0.6959575734360979 0.7384677676941298 0.7942667762704648 1.1042135846714933 1.1369593737970418
25 225 0.15541048869826382 1.1450675644847044 0.46287003397206 0.46287003397206 0.5242256905228502 0.7026390794458286 0.7405318068579325 0.8033839911232163 1.0773348473214797 1.1450675644847044
26 234 0.19223545781916335 1.1260928706611326 0.4546069203490503 0.4546069203490503 0.5088542759013108 0.6721947544369601 0.7609262062289673 0.8067839725112645 1.0923698913993019 1.1260928706611326
27 243 0.22490276036302745 1.19420770145548 0.4617056668185004 0.4617056668185004 0.4786053151968134 0.6839478971841476 0.7612358520314334 0.8163959412807821 1.0427374668642913 1.19420770145548
28 252 0.2695671044171216 1.2826626555183325 0.4587772026683493 0.4587772026683493 0.4698547149686329 0.6784589279779824 0.7257688173895254 0.806906376632718 1.0054412454734614 1.2826626555183325
29 261 0.3242489249549677 1.3194910768218766 0.4425733556255261 0.4425733556255261 0.46043010843649396 0.6552071081317268 0.7407016665737145 0.8247032540061778 1.0206179475946062 1.3194910768218766
30 270 0.3095908721255245 1.3415424424088673 0.4377540053035461 0.4377540053035461 0.4534391825684128 0.6299091991593272 0.7424036827257049 0.7920609884038374 1.0299189341177717 1.3415424424088673
31 279 0.2968098464494909 1.3354900717340532 0.4173087587913444 0.4173087587913444 0.4455386815353447 0.6072375421923942 0.7160068984344277 0.7737520476365193 1.0267297980360761 1.3354900717340532
32 288 0.2829917785363966 1.3513275202514823 0.4149202292782779 0.4149202292782779 0.4170232630648461 0.5796984043626594 0.7110366555366978 0.7759991519417558 1.0072845201179934 1.3513275202514823
33 297 0.2571865270984919 1.3627458480060903 0.3969348813871646 0.3969348813871646 0.4175394510410972 0.5568671204786638 0.713568834018953 0.7458482576037799 1.004234069091495 1.3627458480060903
34 306 0.24976429669691455 1.3717299508098044 0.3780106668479184 0.3780106668479184 0.4007680480875602 0.5635960862917899 0.7162128370000133 0.7360348643177026 0.9531122521949931 1.3717299508098044
35 315 0.23316316835613002 1.3454545290530409 0.38613051387366243 0.38613051387366243 0.41676187482940885 0.5695506734120702 0.6589233097473467 0.7297017757399608 0.9502404369556887 1.3454545290530409
36 324 0.2003223862388624 1.3245438960398699 0.386986200178773 0.386986200178773 0.4058326893620546 0.5655429704557791 0.6017321226759932 0.7557843930678425 0.9381342820660387 1.3245438960398699
37 333 0.18799599548585363 1.264372199537 0.37324570835840604 0.37324570835840604 0.4027257614799268 0.5547914309959602 0.5963579041549792 0.7553262232153874 0.9164417623458005 1.264372199537
38 342 0.18059401090446073 1.2322816530195655 0.3543948788886875 0.3543948788886875 0.4068545126741438 0.5376053371906269 0.6023021989289299 0.7413413598585037 0.929018943427341 1.2322816530195655
39 351 0.15887822986901678 1.2194165957199223 0.35234891774548915 0.35234891774548915 0.416220016996594 0.5144430173158918 0.5796200252698098 0.7442666389924806 0.9018771504832034 1.2194165957199223
40 360 0.1398123511422239 1.1585858818900416 0.3506447892058168 0.3506447892058168 0.41743549990967577 0.5235737144023931 0.575815295774989 0.7005456287324074 0.8856364715544327 1.1585858818900416
